image_width: 820
image_height: 616
camera_name: cam
camera_matrix:
  rows: 3
  cols: 3
  data: [353.76958416462514, 0.0, 412.76449308363294, 0.0, 353.82692210640715, 281.599317770178, 0.0, 0.0, 1.0]
distortion_model: equidistant
distortion_coefficients:
  rows: 1
  cols: 4
  data: [-0.02278305999560451, 0.00207699995799464, -0.0028279292631259913, 0.00039458479649574573]
rectification_matrix:
  rows: 3
  cols: 3
  data: [1, 0, 0, 0, 1, 0, 0, 0, 1]
projection_matrix:
  rows: 3
  cols: 4
  data: [353.76958416462514, 0.0, 412.76449308363294, 0.0, 0.0, 353.82692210640715, 281.599317770178, 0.0, 0.0, 0.0, 1.0, 0.0]
